esq3x3 = [[0, 0, 0], [2, 2, 0], [0, 0, 0]]
esq3x4 = [[0, 0, 0, 0], [0, 0, 0, 0], [0, 0, 0, 0]]
esq3x5 = [[0, 0, 0, 0, 0], [0, 0, 0, 0, 0], [0, 0, 0, 0, 0]]
esq4x3 = [[0, 0, 0], [0, 0, 0], [0, 0, 0], [0, 0, 0]]
esq4x4 = [[2, 0, 0, 0], [0, 0, 2, 0], [0, 0, 0, 0], [0, 0, 0, 0]]
esq4x5 = [[0, 0, 0, 0, 0], [0, 0, 0, 0, 0], [0, 0, 0, 2, 0], [0, 0, 0, 2, 0]]
esq5x3 = [[0, 0, 0], [0, 0, 0], [0, 0, 0], [0, 0, 0], [0, 0, 0]]
esq5x4 = [[0, 0, 0, 0], [0, 0, 0, 0], [0, 0, 0, 0], [0, 0, 0, 0], [0, 0, 0, 0]]
esq5x5 = [[0, 0, 0, 0, 0], [2, 0, 0, 2, 0], [0, 0, 0, 0, 0], [0, 0, 0, 0, 0], [0, 0, 0, 0, 0]]
dir3x3 = [[0, 0, 0], [0, 0, 2], [4, 0, 0]]
dir3x4 = [[0, 0, 0, 0], [0, 0, 0, 0], [0, 0, 0, 0]]
dir3x5 = [[0, 0, 0, 0, 0], [0, 0, 0, 0, 0], [0, 0, 0, 0, 0]]
dir4x3 = [[0, 0, 0], [0, 0, 0], [0, 0, 0], [0, 0, 0]]
dir4x4 = [[0, 0, 0, 0], [0, 0, 0, 2], [0, 0, 0, 0], [4, 0, 0, 0]]
dir4x5 = [[0, 0, 0, 0, 0], [0, 0, 0, 2, 0], [0, 0, 0, 4, 0], [0, 0, 0, 0, 0]]
dir5x3 = [[0, 0, 0], [0, 0, 0], [0, 0, 0], [0, 0, 0], [0, 0, 0]]
dir5x4 = [[0, 0, 0, 0], [0, 0, 0, 0], [0, 0, 0, 0], [0, 0, 0, 0], [0, 0, 0, 0]]
dir5x5 = [[0, 0, 0, 0, 0], [0, 0, 0, 0, 0], [0, 2, 0, 0, 0], [0, 0, 0, 0, 2], [0, 0, 0, 0, 0]]
